function col = load_colors()

col_pink    = [255 102 178]/255;
col_green   = [0.5044    0.7993    0.3480];
col_violet  = [153 51 255]/255;
col_blue    = [0.1540    0.5902    0.9218];
col_turq    = [0.0704    0.7457    0.7258];
col_orange  = [0.9871    0.7348    0.2438];
col_yellow  = [204 204 0]/255;
col = [col_pink;
       col_violet; 
       col_blue;
       col_turq;
       col_green;
       col_orange; 
       col_yellow];